00 00 05 00 e8 18 05 80 | 01 04 81 00 e8 18 00 ac
00 00 05 00 e8 18 05 80 | 01 04 81 00 e8 18 00 ac
00 00 05 00 e8 18 05 80 | 01 04 81 00 e8 18 00 ac
00 00 05 00 e8 18 05 80 | 01 04 81 00 e8 18 00 ac
00 00 05 c0 e8 18 05 80 | 01 04 81 00 e8 18 00 ac
00 00 05 00 e8 18 05 80 | 01 04 81 00 e8 18 00 ac

00 05 00 e8 e8 05 80 04 04 81 00 e8 e8 00 6c 00
00 05 00 e8 e8 05 80 04 04 81 00 e8 e8 00 6c 00
00 05 00 e8 e8 05 80 04 04 81 00 e8 e8 00 6c 00
00 05 00 e8 e8 05 80 04 04 81 00 e8 e8 00 6c 00
00 05 00 e8 e8 05 80 04 04 81 00 e8 e8 00 6c 00
